============================================================
LoRa Network Simulation Metrics Report
============================================================

📊 NODE METRICS SUMMARY
--------------------------------------------------------------------------------
Node   Sent     Recv     DER      PER      PDR      SF   TP  
--------------------------------------------------------------------------------
0      5000     3157     0.3686   0.3686   0.6314   12   14  
1      5000     2507     0.4986   0.4986   0.5014   12   14  
2      5000     2811     0.4378   0.4378   0.5622   12   14  
3      5000     2833     0.4334   0.4334   0.5666   12   14  
4      5000     2425     0.5150   0.5150   0.4850   12   14  
5      5000     3043     0.3914   0.3914   0.6086   12   14  
6      5000     2414     0.5172   0.5172   0.4828   12   14  
7      5000     2850     0.4300   0.4300   0.5700   12   14  
8      5000     2902     0.4196   0.4196   0.5804   12   14  
9      5000     2428     0.5144   0.5144   0.4856   12   14  
10     5000     3141     0.3718   0.3718   0.6282   12   14  
11     5000     2371     0.5258   0.5258   0.4742   12   14  
12     5000     2857     0.4286   0.4286   0.5714   12   14  
13     5000     2902     0.4196   0.4196   0.5804   12   14  
14     5000     2411     0.5178   0.5178   0.4822   12   14  
15     5000     3104     0.3792   0.3792   0.6208   12   14  
16     5000     2481     0.5038   0.5038   0.4962   12   14  
17     5000     2823     0.4354   0.4354   0.5646   12   14  
18     5000     2842     0.4316   0.4316   0.5684   12   14  
19     5000     2452     0.5096   0.5096   0.4904   12   14  

📡 GATEWAY METRICS SUMMARY
--------------------------------------------------
Gateway    Packets Received     DER       
--------------------------------------------------
0          7888                 0.07688   
1          7551                 0.07357   
2          7644                 0.07449   
3          7774                 0.07577   
4          7623                 0.07428   
5          7679                 0.07484   
6          7702                 0.07507   
7          7669                 0.07473   

🌐 NETWORK METRICS SUMMARY
----------------------------------------
Server DER: 0.54754

DER per Spreading Factor:
  SF7: 0.00000
  SF8: 0.00000
  SF9: 0.00000
  SF10: 0.00000
  SF11: 0.00000
  SF12: 0.54754

⏱️ TIME ON AIR SUMMARY (20-byte payload)
------------------------------------------------------------
Node   SF   Packets    ToA/Packet (ms)  Total ToA (ms) 
------------------------------------------------------------
0      12   5000       1318.91          6594560.00     
1      12   5000       1318.91          6594560.00     
2      12   5000       1318.91          6594560.00     
3      12   5000       1318.91          6594560.00     
4      12   5000       1318.91          6594560.00     
5      12   5000       1318.91          6594560.00     
6      12   5000       1318.91          6594560.00     
7      12   5000       1318.91          6594560.00     
8      12   5000       1318.91          6594560.00     
9      12   5000       1318.91          6594560.00     
10     12   5000       1318.91          6594560.00     
11     12   5000       1318.91          6594560.00     
12     12   5000       1318.91          6594560.00     
13     12   5000       1318.91          6594560.00     
14     12   5000       1318.91          6594560.00     
15     12   5000       1318.91          6594560.00     
16     12   5000       1318.91          6594560.00     
17     12   5000       1318.91          6594560.00     
18     12   5000       1318.91          6594560.00     
19     12   5000       1318.91          6594560.00     
------------------------------------------------------------
Total Network Time on Air: 131891200.00 ms
